14
21
0 30 50 50 lion.jpg
1 60 300 50 léopard.jpg
2 50 550 50 guépard.jpg
3 0 750 50 hyène.jpg
4 100 25 300 buffle.jpg
5 30 225 300 gnou.jpg
6 60 400 300 phacochère.jpg
7 50 575 300 zèbre.jpg
8 0 775 300 gazelle.jpg
9 100 25 500 hippopotame.jpg
10 30 225 500 fourmi.jpg
11 60 400 600 vege.jpg
12 50 575 500 Babouin.png
13 0 775 500 elephant.png
0 11 9 50.0
1 11 10 50.0
2 11 12 50.0
3 11 13 50.0
4 11 4 50.0
5 11 5 50.0
6 11 6 50.0
7 11 7 50.0
8 11 8 50.0
9 4 0 50.0
10 5 0 50.0
11 5 1 50.0
12 6 0 50.0
13 6 1 50.0
14 6 2 50.0
15 6 3 50.0
16 7 0 50.0
17 8 0 50.0
18 8 1 50.0
19 8 2 50.0
20 8 3 50.0

